1 -1 #SUP: 1959
2 -1 #SUP: 467
3 -1 #SUP: 4569
4 -1 #SUP: 793
6 -1 #SUP: 6058
7 -1 #SUP: 843
11 -1 #SUP: 3647
27 -1 #SUP: 684
40 -1 #SUP: 238
55 -1 #SUP: 631
64 -1 #SUP: 495
69 -1 #SUP: 248
77 -1 #SUP: 448
83 -1 #SUP: 317
90 -1 #SUP: 240
136 -1 #SUP: 237
138 -1 #SUP: 330
148 -1 #SUP: 700
205 -1 #SUP: 206
215 -1 #SUP: 235
218 -1 #SUP: 872
294 -1 #SUP: 327
303 -1 #SUP: 241
316 -1 #SUP: 267
446 -1 #SUP: 235
490 -1 #SUP: 210
1 -1 3 -1 #SUP: 828
1 -1 6 -1 #SUP: 1272
1 -1 7 -1 #SUP: 239
11 -1 1 -1 #SUP: 868
1 -1 148 -1 #SUP: 300
1 -1 218 -1 #SUP: 333
2 -1 3 -1 #SUP: 223
6 -1 2 -1 #SUP: 335
11 -1 2 -1 #SUP: 232
4 -1 3 -1 #SUP: 365
6 -1 3 -1 #SUP: 2676
3 -1 7 -1 #SUP: 393
11 -1 3 -1 #SUP: 1614
27 -1 3 -1 #SUP: 305
55 -1 3 -1 #SUP: 273
3 -1 64 -1 #SUP: 211
3 -1 148 -1 #SUP: 298
218 -1 3 -1 #SUP: 378
4 -1 6 -1 #SUP: 459
11 -1 4 -1 #SUP: 299
6 -1 7 -1 #SUP: 730
11 -1 6 -1 #SUP: 3260
27 -1 6 -1 #SUP: 579
40 -1 6 -1 #SUP: 225
6 -1 55 -1 #SUP: 391
6 -1 64 -1 #SUP: 412
69 -1 6 -1 #SUP: 229
6 -1 77 -1 #SUP: 391
6 -1 83 -1 #SUP: 283
6 -1 90 -1 #SUP: 233
6 -1 136 -1 #SUP: 213
6 -1 138 -1 #SUP: 281
6 -1 148 -1 #SUP: 647
218 -1 6 -1 #SUP: 776
6 -1 303 -1 #SUP: 211
6 -1 316 -1 #SUP: 220
11 -1 7 -1 #SUP: 549
27 -1 7 -1 #SUP: 384
11 -1 27 -1 #SUP: 442
11 -1 55 -1 #SUP: 228
11 -1 64 -1 #SUP: 319
11 -1 77 -1 #SUP: 306
11 -1 83 -1 #SUP: 232
11 -1 90 -1 #SUP: 203
11 -1 138 -1 #SUP: 213
11 -1 148 -1 #SUP: 553
11 -1 218 -1 #SUP: 615
218 -1 148 -1 #SUP: 580
1 -1 6 -1 3 -1 #SUP: 563
1 -1 6 -1 7 -1 #SUP: 218
1 -1 6 -1 148 -1 #SUP: 286
11 -1 1 -1 3 -1 #SUP: 381
11 -1 1 -1 6 -1 #SUP: 818
11 -1 1 -1 148 -1 #SUP: 256
11 -1 1 -1 218 -1 #SUP: 264
1 -1 218 -1 6 -1 #SUP: 313
1 -1 218 -1 148 -1 #SUP: 268
6 -1 3 -1 7 -1 #SUP: 336
6 -1 3 -1 148 -1 #SUP: 281
11 -1 3 -1 7 -1 #SUP: 255
11 -1 3 -1 148 -1 #SUP: 243
218 -1 3 -1 148 -1 #SUP: 250
4 -1 6 -1 3 -1 #SUP: 223
11 -1 4 -1 6 -1 #SUP: 272
11 -1 6 -1 2 -1 #SUP: 227
11 -1 6 -1 3 -1 #SUP: 1421
11 -1 6 -1 7 -1 #SUP: 540
11 -1 6 -1 55 -1 #SUP: 212
11 -1 6 -1 64 -1 #SUP: 311
11 -1 6 -1 77 -1 #SUP: 301
11 -1 6 -1 83 -1 #SUP: 227
11 -1 6 -1 90 -1 #SUP: 203
11 -1 6 -1 138 -1 #SUP: 210
11 -1 6 -1 148 -1 #SUP: 549
27 -1 6 -1 3 -1 #SUP: 256
27 -1 6 -1 7 -1 #SUP: 364
218 -1 6 -1 3 -1 #SUP: 344
218 -1 6 -1 148 -1 #SUP: 562
11 -1 27 -1 3 -1 #SUP: 201
11 -1 27 -1 6 -1 #SUP: 430
11 -1 27 -1 7 -1 #SUP: 296
11 -1 218 -1 3 -1 #SUP: 277
11 -1 218 -1 6 -1 #SUP: 607
11 -1 218 -1 148 -1 #SUP: 500
11 -1 1 -1 6 -1 3 -1 #SUP: 360
11 -1 1 -1 6 -1 148 -1 #SUP: 256
11 -1 1 -1 218 -1 6 -1 #SUP: 264
11 -1 1 -1 218 -1 148 -1 #SUP: 235
1 -1 218 -1 6 -1 148 -1 #SUP: 260
11 -1 6 -1 3 -1 7 -1 #SUP: 250
11 -1 6 -1 3 -1 148 -1 #SUP: 242
218 -1 6 -1 3 -1 148 -1 #SUP: 244
11 -1 27 -1 6 -1 7 -1 #SUP: 294
11 -1 218 -1 3 -1 148 -1 #SUP: 220
11 -1 218 -1 6 -1 3 -1 #SUP: 272
11 -1 218 -1 6 -1 148 -1 #SUP: 499
11 -1 1 -1 218 -1 6 -1 148 -1 #SUP: 235
11 -1 218 -1 6 -1 3 -1 148 -1 #SUP: 220
